x1,x2
0.766772025012117,1.3358004578897273
1.3078215288391426,1.232181868564799
0.7708274732583194,0.8001844715136053
1.033155354155015,1.9571166990612117
0.8574211983504149,3.6737192617127588
1.4177405992277528,2.716548638437441
0.34455485075174996,0.5760146201462497
-0.2348439151411199,0.6879017759113104
0.32843427666861713,0.7504526792795958
1.5941268839725389,3.359269341176799
0.4799751112286037,1.5677891440727914
0.225363403096854,1.5588778643681538
2.7950397767236668,2.3952047734438024
3.16089936324051,3.0300092623586354
3.30942263775501,3.899951459230399
1.5136873835377687,2.4888893240108523
0.9176008337358096,1.6745109827750069
1.2177102182845823,2.2640388981007886
2.1717718044036145,2.7202894462297262
1.1807862522327712,1.7520159556443273
1.576010615081434,2.509057408115605
-0.3680516921468209,0.8334899321260887
1.5053490552984605,2.1351928951488524
0.400097595501795,2.8179476613785934
3.816676657949623,5.1551263140444155
0.5050772142031844,2.053803192197214
1.4206758685486438,3.7579045806807274
0.06668116972838967,1.0341634715301997
1.0749145133866165,1.6219096458211153
0.9973971086945235,1.9067425679156327
-0.008251247887561153,1.2179428210103973
0.8648257552365857,2.29350797467378
0.4020447329870369,1.5429048880947538
2.1250578365477573,3.775988138154468
2.425661632265732,2.7871587803335913
0.9379503594790923,2.261781605914583
0.19820862283814933,0.1308157418744944
-0.9132301257268778,1.1217598930535133
1.5013940106476342,2.3740413289442968
1.7332529128595389,2.3516930502699482
2.80497135199117,2.736341015296531
1.1075836687722191,2.2706133664562187
-0.4184271851610828,-0.05151614987959441
2.938006270391541,4.0306987671692145
1.3297718955704334,2.5550671071794864
1.775663296658264,1.9792604181443094
1.399713675686968,2.9073417441246265
1.0480676882429372,1.435106650153299
0.6301574216971286,0.7153993907913934
1.4463628520678982,2.5715387775137954
2.6732761614402074,2.9178432038074202
1.0101951308146888,1.9595712002378516
1.4166462199231076,2.059218470230492
2.2934658809887933,2.798707023690643
-1.687612636019487,-1.0835811677722833
-0.2428910658501422,0.38564497674785314
-0.6853686452390555,1.0938449509332218
0.7750805086868723,1.369417321168759
2.0015065381381345,3.6122981584249914
2.6211677249004786,2.8150575490115557
-0.9069823607893384,1.0175932700350627
1.0421308069862376,1.8864220262947164
1.5191059608137558,2.7413100653760307
1.937672739500987,1.9807123315309305
1.6455436465696598,2.8031535950505697
2.8179781672606232,3.198471578911807
0.34933702819118373,2.417739158123268
0.8212504792608042,1.8414928640121322
-0.4981454795484499,-0.1698731553369499
1.4285347617159243,2.9615312178850646
-0.16621969883340038,1.1232492139008108
3.25136259060018,4.718776538241299
0.35207909312280006,1.3814266970158315
-0.07712909469726137,1.8133357126839216
1.247456860513142,1.6554943819115344
2.7245636785876415,3.7649008882418005
1.8550131411687998,2.4996460776091123
1.9876158530092534,3.1610927152470722
0.16450882392839128,1.4391961194630523
1.781407886682571,3.34372069135836
1.4884086073488758,0.9148564203368339
1.0784675577102147,0.790875350401129
1.745412934935672,3.4143246498799633
0.5845277009978785,1.1769310755802103
1.728808203236222,2.9474432570738505
2.574742415382942,3.834497986061352
1.0446901610535666,2.5090059027470826
1.4632750718535459,1.7748362110506661
0.9187742505043994,1.6975195483696577
2.7163005955790402,2.980382715452565
1.9391987111212876,2.9708352498444324
0.28286641087051456,1.2648320188242321
2.264430917238135,3.023120771104831
0.12156111567381866,1.8029287002552232
1.8024181685737966,2.981787061688995
2.0514844804209766,1.689096561215418
2.407299553797588,3.0491901431495143
1.6163297934795808,2.3659543678047843
1.4565357628562356,2.6888954292762968
2.41427560966934,2.40532137229754
